[30,4]
0	0.07	0.21	0.79
0	0.2	0.166	0.834
0	0.4	0.102	0.898
0	0.6	0.066	0.934
0	0.8	-0.04	1.04
0	0.93	-0.292	1.292
5	0.07	0.286	0.714
5	0.2	0.21	0.79
5	0.4	0.148	0.852
5	0.6	0.156	0.844
5	0.8	0.028	0.972
5	0.93	-0.364	1.364
7.5	0.07	0.134	0.866
7.5	0.2	0.12	0.88
7.5	0.4	0.054	0.946
7.5	0.6	6.2450040E-17	1		
7.5	0.8	0.038	0.962		
7.5	0.93	-0.352	1.352		
10	0.07	0.182	0.818		
10	0.2	0.046	0.954		
10	0.4	-0.12	1.12		
10	0.6	-0.166	1.166		
10	0.8	-0.052	1.052		
10	0.93	-0.428	1.428		
12.5	0.07	0.1	0.9		
12.5	0.2	-0.068	1.068		
12.5	0.4	-0.058	1.058		
12.5	0.6	-0.044	1.044		
12.5	0.8	0.032	0.968		
12.5	0.93	-0.334	1.334		
