[30,6]
0.5	0	0	-3.04662	3.04662	0.268462	
0.5	10	0	-3.142447	2.873329	0.38632	
0.5	20	0	-2.0011660	1.398438	0.693916	
0.5	30	0	-1.275862	0.278803	0.935081	
0.5	40	0	-1.058275	-0.01627	0.871259	
0.5	50	0	-0.891626	0.247508	0.428414	
0.5	60	0	-1.560755	1.496049	-0.257573	
0.5	70	0	-1.990676	2.614312	-0.994965	
0.5	80	0	-1.651067	2.530479	-1.359928	
0.5	90	-5.984848	10.036713	-3.883683	-0.778811	
0.7	0	0	-2.501166	2.501166	0.401189	
0.7	10	0	-2.665435	2.355141	0.523287	
0.7	20	0	-1.674825	1.008462	0.802867	
0.7	30	0	-0.869048	-0.176541	1.051723	
0.7	40	0	-0.635198	-0.4675290	0.973357	
0.7	50	0	-0.667077	3.84E-03	0.485571
0.7	60	0	-1.415846	1.367316	-0.231142
0.7	70	0	-2.064103	2.719557	-1.005524
0.7	80	0	-1.842775	2.788363	-1.37687
0.7	90	-4.015152	6.670746	-2.319231	-0.836434
0.9	0	0	-2.456876	2.456876	0.451469
0.9	10	0	-2.681034	2.335446	0.581156
0.9	20	0	-1.724942	0.981305	0.888531
0.9	30	0	-0.832512	-0.270429	1.118564
0.9	40	0	-0.547786	-0.5449420	0.992378
0.9	50	0	-0.88711	0.279757	0.426546
0.9	60	0	-1.85509	1.935973	-0.375921
0.9	70	0	-2.815851	3.659487	-1.236923
0.9	80	0	-2.449507	3.577449	-1.585214
0.9	90	-6.959984	10.745338	-3.5028360	-0.877273
