[5,1800] -> 310.18 	 0.631 	 64.86
[5,1800] -> 310.18 	 0.631 	 64.86
[5,2400] -> 392.86 	 0.614 	 65.93
[5,2400] -> 392.86 	 0.614 	 65.93
[5,3000] -> 466.93 	 0.596 	 67.00
[5,3000] -> 466.93 	 0.596 	 67.00
[6,0] -> 532.53 	 0.578 	 68.06
[6,0] -> 532.53 	 0.578 	 68.06
[6,600] -> 558.36 	 0.558 	 69.12
[6,600] -> 558.36 	 0.558 	 69.12
[6,1200] -> 579.21 	 0.537 	 70.18
[6,1200] -> 579.21 	 0.537 	 70.18
[6,1800] -> 595.39 	 0.515 	 71.22
[6,1800] -> 595.39 	 0.515 	 71.22
[6,2400] -> 607.24 	 0.492 	 72.26
[6,2400] -> 607.24 	 0.492 	 72.26
[6,3000] -> 615.16 	 0.468 	 73.28
[6,3000] -> 615.16 	 0.468 	 73.28
[7,0] -> 619.57 	 0.443 	 74.29
[7,0] -> 619.57 	 0.443 	 74.29
[7,600] -> 681.15 	 0.417 	 75.29
[7,600] -> 681.15 	 0.417 	 75.29
[7,1200] -> 753.43 	 0.390 	 76.27
[7,1200] -> 753.43 	 0.390 	 76.27
[7,1800] -> 835.77 	 0.362 	 77.23
[7,1800] -> 835.77 	 0.362 	 77.23
[7,2400] -> 927.43 	 0.333 	 78.18
[7,2400] -> 927.43 	 0.333 	 78.18
[7,3000] -> 1027.64 	 0.304 	 79.10
[7,3000] -> 1027.64 	 0.304 	 79.10
[8,0] -> 1135.52 	 0.274 	 80.01
[8,0] -> 1135.52 	 0.274 	 80.01
[8,600] -> 1405.21 	 0.250 	 80.89
[8,600] -> 1405.21 	 0.250 	 80.89
[8,1200] -> 1675.23 	 0.226 	 81.75
[8,1200] -> 1675.23 	 0.226 	 81.75
[8,1800] -> 1945.60 	 0.204 	 82.59
[8,1800] -> 1945.60 	 0.204 	 82.59
[8,2400] -> 2216.31 	 0.181 	 83.39
[8,2400] -> 2216.31 	 0.181 	 83.39
[8,3000] -> 2487.34 	 0.160 	 84.17
[8,3000] -> 2487.34 	 0.160 	 84.17
[9,0] -> 2758.70 	 0.140 	 84.93
[9,0] -> 2758.70 	 0.140 	 84.93
[9,600] -> 2836.92 	 0.120 	 85.65
[9,600] -> 2836.92 	 0.120 	 85.65
[9,1200] -> 2915.45 	 0.101 	 86.34
[9,1200] -> 2915.45 	 0.101 	 86.34
[9,1800] -> 2994.24 	 0.083 	 87.00
[9,1800] -> 2994.24 	 0.083 	 87.00
[9,2400] -> 3073.29 	 0.066 	 87.63
[9,2400] -> 3073.29 	 0.066 	 87.63
[9,3000] -> 3152.55 	 0.050 	 88.22
[9,3000] -> 3152.55 	 0.050 	 88.22
[10,0] -> 3232.01 	 0.035 	 88.78
[10,0] -> 3232.01 	 0.035 	 88.78
[10,600] -> 3279.14 	 0.020 	 89.30
[10,600] -> 3279.14 	 0.020 	 89.30
[10,1200] -> 3326.42 	 0.007 	 89.78
[10,1200] -> 3326.42 	 0.007 	 89.78
[14,0] -> 3207.60 	 0.001 	 90.00
[14,0] -> 3207.60 	 0.001 	 90.00
[14,600] -> 3116.43 	 0.014 	 89.53
[14,600] -> 3116.43 	 0.014 	 89.53
[14,1200] -> 3025.52 	 0.028 	 89.03
[14,1200] -> 3025.52 	 0.028 	 89.03
[14,1800] -> 2934.91 	 0.043 	 88.49
[14,1800] -> 2934.91 	 0.043 	 88.49
[14,2400] -> 2844.65 	 0.058 	 87.91
[14,2400] -> 2844.65 	 0.058 	 87.91
[14,3000] -> 2754.80 	 0.075 	 87.30
[14,3000] -> 2754.80 	 0.075 	 87.30
[15,0] -> 2665.39 	 0.092 	 86.66
[15,0] -> 2665.39 	 0.092 	 86.66
[15,600] -> 2384.13 	 0.111 	 85.98
[15,600] -> 2384.13 	 0.111 	 85.98
[15,1200] -> 2103.36 	 0.130 	 85.27
[15,1200] -> 2103.36 	 0.130 	 85.27
[15,1800] -> 1823.13 	 0.150 	 84.54
[15,1800] -> 1823.13 	 0.150 	 84.54
[15,2400] -> 1543.45 	 0.171 	 83.77
[15,2400] -> 1543.45 	 0.171 	 83.77
[15,3000] -> 1264.34 	 0.193 	 82.97
[15,3000] -> 1264.34 	 0.193 	 82.97
[16,0] -> 985.82 	 0.215 	 82.15
[16,0] -> 985.82 	 0.215 	 82.15
[16,600] -> 926.82 	 0.239 	 81.30
[16,600] -> 926.82 	 0.239 	 81.30
[16,1200] -> 868.18 	 0.262 	 80.43
[16,1200] -> 868.18 	 0.262 	 80.43
[16,1800] -> 810.27 	 0.289 	 79.54
[16,1800] -> 810.27 	 0.289 	 79.54
[16,2400] -> 752.99 	 0.319 	 78.62
[16,2400] -> 752.99 	 0.319 	 78.62
[16,3000] -> 695.77 	 0.348 	 77.69
[16,3000] -> 695.77 	 0.348 	 77.69
[17,0] -> 638.48 	 0.377 	 76.73
[17,0] -> 638.48 	 0.377 	 76.73
[17,600] -> 569.87 	 0.404 	 75.76
[17,600] -> 569.87 	 0.404 	 75.76
[17,1200] -> 499.79 	 0.431 	 74.77
[17,1200] -> 499.79 	 0.431 	 74.77
[17,1800] -> 428.03 	 0.456 	 73.77
[17,1800] -> 428.03 	 0.456 	 73.77
[17,2400] -> 354.40 	 0.481 	 72.75
[17,2400] -> 354.40 	 0.481 	 72.75
[17,3000] -> 278.75 	 0.504 	 71.72
[17,3000] -> 278.75 	 0.504 	 71.72
[18,0] -> 200.92 	 0.527 	 70.68
[18,0] -> 200.92 	 0.527 	 70.68
[18,600] -> 171.60 	 0.548 	 69.63
[18,600] -> 171.60 	 0.548 	 69.63
[18,1200] -> 140.70 	 0.568 	 68.58
[18,1200] -> 140.70 	 0.568 	 68.58
[18,1800] -> 108.14 	 0.588 	 67.51
[18,1800] -> 108.14 	 0.588 	 67.51
[18,2400] -> 73.89 	 0.606 	 66.45
[18,2400] -> 73.89 	 0.606 	 66.45
[18,3000] -> 37.89 	 0.623 	 65.37
[18,3000] -> 37.89 	 0.623 	 65.37
[5,1800] -> 176.20 	 0.630 	 64.88
[5,1800] -> 176.20 	 0.630 	 64.88
[5,2400] -> 229.14 	 0.614 	 65.95
[5,2400] -> 229.14 	 0.614 	 65.95
[5,3000] -> 280.71 	 0.596 	 67.02
[5,3000] -> 280.71 	 0.596 	 67.02
[6,0] -> 330.92 	 0.577 	 68.09
[6,0] -> 330.92 	 0.577 	 68.09
[6,600] -> 417.10 	 0.558 	 69.15
[6,600] -> 417.10 	 0.558 	 69.15
[6,1200] -> 500.14 	 0.537 	 70.20
[6,1200] -> 500.14 	 0.537 	 70.20
[6,1800] -> 580.17 	 0.515 	 71.25
[6,1800] -> 580.17 	 0.515 	 71.25
[6,2400] -> 657.35 	 0.492 	 72.28
[6,2400] -> 657.35 	 0.492 	 72.28
[6,3000] -> 731.86 	 0.467 	 73.31
[6,3000] -> 731.86 	 0.467 	 73.31
[7,0] -> 803.92 	 0.442 	 74.32
[7,0] -> 803.92 	 0.442 	 74.32
[7,600] -> 855.83 	 0.416 	 75.32
[7,600] -> 855.83 	 0.416 	 75.32
[7,1200] -> 907.70 	 0.389 	 76.30
[7,1200] -> 907.70 	 0.389 	 76.30
[7,1800] -> 959.64 	 0.361 	 77.27
[7,1800] -> 959.64 	 0.361 	 77.27
[7,2400] -> 1011.74 	 0.332 	 78.21
[7,2400] -> 1011.74 	 0.332 	 78.21
[7,3000] -> 1064.11 	 0.303 	 79.14
[7,3000] -> 1064.11 	 0.303 	 79.14
[8,0] -> 1116.93 	 0.273 	 80.05
[8,0] -> 1116.93 	 0.273 	 80.05
[8,600] -> 1385.65 	 0.249 	 80.93
[8,600] -> 1385.65 	 0.249 	 80.93
[8,1200] -> 1656.31 	 0.225 	 81.79
[8,1200] -> 1656.31 	 0.225 	 81.79
[8,1800] -> 1928.68 	 0.202 	 82.63
[8,1800] -> 1928.68 	 0.202 	 82.63
[8,2400] -> 2202.51 	 0.180 	 83.44
[8,2400] -> 2202.51 	 0.180 	 83.44
[8,3000] -> 2477.61 	 0.159 	 84.22
[8,3000] -> 2477.61 	 0.159 	 84.22
[9,0] -> 2753.77 	 0.138 	 84.97
[9,0] -> 2753.77 	 0.138 	 84.97
[9,600] -> 2832.21 	 0.119 	 85.70
[9,600] -> 2832.21 	 0.119 	 85.70
[9,1200] -> 2910.95 	 0.100 	 86.39
[9,1200] -> 2910.95 	 0.100 	 86.39
[9,1800] -> 2989.96 	 0.082 	 87.05
[9,1800] -> 2989.96 	 0.082 	 87.05
[9,2400] -> 3069.22 	 0.065 	 87.68
[9,2400] -> 3069.22 	 0.065 	 87.68
[9,3000] -> 3148.70 	 0.048 	 88.28
[9,3000] -> 3148.70 	 0.048 	 88.28
[10,0] -> 3228.38 	 0.033 	 88.83
[10,0] -> 3228.38 	 0.033 	 88.83
[10,600] -> 3209.50 	 0.019 	 89.36
[10,600] -> 3209.50 	 0.019 	 89.36
[10,1200] -> 3190.81 	 0.006 	 89.84
[10,1200] -> 3190.81 	 0.006 	 89.84
[14,600] -> 2954.04 	 0.011 	 89.64
[14,600] -> 2954.04 	 0.011 	 89.64
[14,1200] -> 2813.94 	 0.025 	 89.14
[14,1200] -> 2813.94 	 0.025 	 89.14
[14,1800] -> 2673.87 	 0.039 	 88.60
[14,1800] -> 2673.87 	 0.039 	 88.60
[14,2400] -> 2533.75 	 0.055 	 88.02
[14,2400] -> 2533.75 	 0.055 	 88.02
[14,3000] -> 2393.49 	 0.072 	 87.42
[14,3000] -> 2393.49 	 0.072 	 87.42
[15,0] -> 2253.00 	 0.089 	 86.77
[15,0] -> 2253.00 	 0.089 	 86.77
[15,600] -> 2036.10 	 0.108 	 86.10
[15,600] -> 2036.10 	 0.108 	 86.10
[15,1200] -> 1819.20 	 0.127 	 85.39
[15,1200] -> 1819.20 	 0.127 	 85.39
[15,1800] -> 1602.30 	 0.147 	 84.65
[15,1800] -> 1602.30 	 0.147 	 84.65
[15,2400] -> 1385.40 	 0.168 	 83.89
[15,2400] -> 1385.40 	 0.168 	 83.89
[15,3000] -> 1168.50 	 0.190 	 83.09
[15,3000] -> 1168.50 	 0.190 	 83.09
[16,0] -> 951.60 	 0.212 	 82.27
[16,0] -> 951.60 	 0.212 	 82.27
[16,600] -> 882.60 	 0.235 	 81.43
[16,600] -> 882.60 	 0.235 	 81.43
[16,1200] -> 813.60 	 0.259 	 80.56
[16,1200] -> 813.60 	 0.259 	 80.56
[16,1800] -> 744.60 	 0.285 	 79.66
[16,1800] -> 744.60 	 0.285 	 79.66
[16,2400] -> 675.60 	 0.315 	 78.75
[16,2400] -> 675.60 	 0.315 	 78.75
[16,3000] -> 606.60 	 0.344 	 77.81
[16,3000] -> 606.60 	 0.344 	 77.81
[17,0] -> 537.60 	 0.373 	 76.86
[17,0] -> 537.60 	 0.373 	 76.86
[17,600] -> 468.20 	 0.401 	 75.88
[17,600] -> 468.20 	 0.401 	 75.88
[17,1200] -> 398.80 	 0.427 	 74.90
[17,1200] -> 398.80 	 0.427 	 74.90
[17,1800] -> 329.40 	 0.453 	 73.89
[17,1800] -> 329.40 	 0.453 	 73.89
[17,2400] -> 260.00 	 0.478 	 72.88
[17,2400] -> 260.00 	 0.478 	 72.88
[17,3000] -> 190.60 	 0.501 	 71.85
[17,3000] -> 190.60 	 0.501 	 71.85
[18,0] -> 121.20 	 0.524 	 70.81
[18,0] -> 121.20 	 0.524 	 70.81
[18,600] -> 101.00 	 0.546 	 69.76
[18,600] -> 101.00 	 0.546 	 69.76
[18,1200] -> 80.80 	 0.566 	 68.70
[18,1200] -> 80.80 	 0.566 	 68.70
[18,1800] -> 60.60 	 0.585 	 67.64
[18,1800] -> 60.60 	 0.585 	 67.64
[18,2400] -> 40.40 	 0.604 	 66.57
[18,2400] -> 40.40 	 0.604 	 66.57
[18,3000] -> 20.20 	 0.621 	 65.50
[18,3000] -> 20.20 	 0.621 	 65.50
[5,1800] -> 124.50 	 0.630 	 64.91
[5,1800] -> 124.50 	 0.630 	 64.91
[5,2400] -> 164.40 	 0.613 	 65.98
[5,2400] -> 164.40 	 0.613 	 65.98
[5,3000] -> 204.30 	 0.596 	 67.05
[5,3000] -> 204.30 	 0.596 	 67.05
[6,0] -> 244.20 	 0.577 	 68.12
[6,0] -> 244.20 	 0.577 	 68.12
[6,600] -> 315.10 	 0.557 	 69.18
[6,600] -> 315.10 	 0.557 	 69.18
[6,1200] -> 386.00 	 0.536 	 70.24
[6,1200] -> 386.00 	 0.536 	 70.24
[6,1800] -> 456.90 	 0.514 	 71.28
[6,1800] -> 456.90 	 0.514 	 71.28
[6,2400] -> 527.80 	 0.491 	 72.32
[6,2400] -> 527.80 	 0.491 	 72.32
[6,3000] -> 598.70 	 0.467 	 73.34
[6,3000] -> 598.70 	 0.467 	 73.34
[7,0] -> 669.60 	 0.441 	 74.36
[7,0] -> 669.60 	 0.441 	 74.36
[7,600] -> 736.30 	 0.415 	 75.36
[7,600] -> 736.30 	 0.415 	 75.36
[7,1200] -> 803.00 	 0.388 	 76.34
[7,1200] -> 803.00 	 0.388 	 76.34
[7,1800] -> 869.70 	 0.360 	 77.30
[7,1800] -> 869.70 	 0.360 	 77.30
[7,2400] -> 936.40 	 0.331 	 78.25
[7,2400] -> 936.40 	 0.331 	 78.25
[7,3000] -> 1003.10 	 0.301 	 79.18
[7,3000] -> 1003.10 	 0.301 	 79.18
[8,0] -> 1069.80 	 0.272 	 80.09
[8,0] -> 1069.80 	 0.272 	 80.09
[8,600] -> 1294.70 	 0.247 	 80.98
[8,600] -> 1294.70 	 0.247 	 80.98
[8,1200] -> 1519.60 	 0.224 	 81.84
[8,1200] -> 1519.60 	 0.224 	 81.84
[8,1800] -> 1744.50 	 0.201 	 82.67
[8,1800] -> 1744.50 	 0.201 	 82.67
[8,2400] -> 1969.40 	 0.179 	 83.49
[8,2400] -> 1969.40 	 0.179 	 83.49
[8,3000] -> 2194.30 	 0.158 	 84.27
[8,3000] -> 2194.30 	 0.158 	 84.27
[9,0] -> 2419.20 	 0.137 	 85.03
[9,0] -> 2419.20 	 0.137 	 85.03
[9,600] -> 2491.70 	 0.117 	 85.75
[9,600] -> 2491.70 	 0.117 	 85.75
[9,1200] -> 2564.20 	 0.098 	 86.45
[9,1200] -> 2564.20 	 0.098 	 86.45
[9,1800] -> 2636.70 	 0.080 	 87.11
[9,1800] -> 2636.70 	 0.080 	 87.11
[9,2400] -> 2709.20 	 0.063 	 87.74
[9,2400] -> 2709.20 	 0.063 	 87.74
[9,3000] -> 2781.70 	 0.047 	 88.34
[9,3000] -> 2781.70 	 0.047 	 88.34
[10,0] -> 2854.20 	 0.031 	 88.90
[10,0] -> 2854.20 	 0.031 	 88.90
[10,600] -> 2964.02 	 0.017 	 89.42
[10,600] -> 2964.02 	 0.017 	 89.42
[10,1200] -> 3073.80 	 0.004 	 89.91
[10,1200] -> 3073.80 	 0.004 	 89.91
[14,600] -> 2727.61 	 0.008 	 89.75
[14,600] -> 2727.61 	 0.008 	 89.75
[14,1200] -> 2715.70 	 0.022 	 89.25
[14,1200] -> 2715.70 	 0.022 	 89.25
[14,1800] -> 2704.03 	 0.036 	 88.72
[14,1800] -> 2704.03 	 0.036 	 88.72
[14,2400] -> 2692.78 	 0.052 	 88.14
[14,2400] -> 2692.78 	 0.052 	 88.14
[14,3000] -> 2682.16 	 0.068 	 87.54
[14,3000] -> 2682.16 	 0.068 	 87.54
[15,0] -> 2672.44 	 0.086 	 86.89
[15,0] -> 2672.44 	 0.086 	 86.89
[15,600] -> 2390.43 	 0.104 	 86.22
[15,600] -> 2390.43 	 0.104 	 86.22
[15,1200] -> 2108.91 	 0.124 	 85.51
[15,1200] -> 2108.91 	 0.124 	 85.51
[15,1800] -> 1827.92 	 0.144 	 84.78
[15,1800] -> 1827.92 	 0.144 	 84.78
[15,2400] -> 1547.48 	 0.165 	 84.01
[15,2400] -> 1547.48 	 0.165 	 84.01
[15,3000] -> 1267.62 	 0.186 	 83.22
[15,3000] -> 1267.62 	 0.186 	 83.22
[16,0] -> 988.35 	 0.209 	 82.40
[16,0] -> 988.35 	 0.209 	 82.40
[16,600] -> 918.65 	 0.232 	 81.55
[16,600] -> 918.65 	 0.232 	 81.55
[16,1200] -> 847.49 	 0.255 	 80.68
[16,1200] -> 847.49 	 0.255 	 80.68
[16,1800] -> 774.57 	 0.281 	 79.79
[16,1800] -> 774.57 	 0.281 	 79.79
[16,2400] -> 699.57 	 0.311 	 78.88
[16,2400] -> 699.57 	 0.311 	 78.88
[16,3000] -> 621.52 	 0.340 	 77.94
[16,3000] -> 621.52 	 0.340 	 77.94
[17,0] -> 540.00 	 0.369 	 76.99
[17,0] -> 540.00 	 0.369 	 76.99
[17,600] -> 476.07 	 0.397 	 76.02
[17,600] -> 476.07 	 0.397 	 76.02
[17,1200] -> 412.83 	 0.424 	 75.03
[17,1200] -> 412.83 	 0.424 	 75.03
[17,1800] -> 350.35 	 0.450 	 74.03
[17,1800] -> 350.35 	 0.450 	 74.03
[17,2400] -> 288.67 	 0.475 	 73.01
[17,2400] -> 288.67 	 0.475 	 73.01
[17,3000] -> 227.83 	 0.498 	 71.98
[17,3000] -> 227.83 	 0.498 	 71.98
[18,0] -> 167.86 	 0.521 	 70.94
[18,0] -> 167.86 	 0.521 	 70.94
[18,600] -> 141.99 	 0.543 	 69.89
[18,600] -> 141.99 	 0.543 	 69.89
[18,1200] -> 115.32 	 0.564 	 68.84
[18,1200] -> 115.32 	 0.564 	 68.84
[18,1800] -> 87.81 	 0.583 	 67.78
[18,1800] -> 87.81 	 0.583 	 67.78
[18,2400] -> 59.42 	 0.601 	 66.71
[18,2400] -> 59.42 	 0.601 	 66.71
[18,3000] -> 30.16 	 0.619 	 65.64
[18,3000] -> 30.16 	 0.619 	 65.64
[5,1800] -> 168.59 	 0.629 	 64.95
[5,1800] -> 168.59 	 0.629 	 64.95
[5,2400] -> 220.56 	 0.613 	 66.02
[5,2400] -> 220.56 	 0.613 	 66.02
[5,3000] -> 271.13 	 0.595 	 67.09
[5,3000] -> 271.13 	 0.595 	 67.09
[6,0] -> 320.33 	 0.576 	 68.16
[6,0] -> 320.33 	 0.576 	 68.16
[6,600] -> 374.40 	 0.556 	 69.22
[6,600] -> 374.40 	 0.556 	 69.22
[6,1200] -> 429.89 	 0.535 	 70.28
[6,1200] -> 429.89 	 0.535 	 70.28
[6,1800] -> 486.79 	 0.513 	 71.32
[6,1800] -> 486.79 	 0.513 	 71.32
[6,2400] -> 545.04 	 0.490 	 72.36
[6,2400] -> 545.04 	 0.490 	 72.36
[6,3000] -> 604.60 	 0.466 	 73.39
[6,3000] -> 604.60 	 0.466 	 73.39
[7,0] -> 665.40 	 0.440 	 74.40
[7,0] -> 665.40 	 0.440 	 74.40
[7,600] -> 732.30 	 0.414 	 75.40
[7,600] -> 732.30 	 0.414 	 75.40
[7,1200] -> 799.20 	 0.387 	 76.38
[7,1200] -> 799.20 	 0.387 	 76.38
[7,1800] -> 866.10 	 0.358 	 77.35
[7,1800] -> 866.10 	 0.358 	 77.35
[7,2400] -> 933.00 	 0.329 	 78.30
[7,2400] -> 933.00 	 0.329 	 78.30
[7,3000] -> 999.90 	 0.300 	 79.23
[7,3000] -> 999.90 	 0.300 	 79.23
[8,0] -> 1066.80 	 0.270 	 80.14
[8,0] -> 1066.80 	 0.270 	 80.14
[8,600] -> 1291.40 	 0.246 	 81.03
[8,600] -> 1291.40 	 0.246 	 81.03
[8,1200] -> 1516.00 	 0.222 	 81.89
[8,1200] -> 1516.00 	 0.222 	 81.89
[8,1800] -> 1740.60 	 0.200 	 82.73
[8,1800] -> 1740.60 	 0.200 	 82.73
[8,2400] -> 1965.20 	 0.177 	 83.54
[8,2400] -> 1965.20 	 0.177 	 83.54
[8,3000] -> 2189.80 	 0.156 	 84.33
[8,3000] -> 2189.80 	 0.156 	 84.33
[9,0] -> 2414.40 	 0.135 	 85.09
[9,0] -> 2414.40 	 0.135 	 85.09
[9,600] -> 2487.20 	 0.115 	 85.82
[9,600] -> 2487.20 	 0.115 	 85.82
[9,1200] -> 2560.00 	 0.096 	 86.51
[9,1200] -> 2560.00 	 0.096 	 86.51
[9,1800] -> 2632.80 	 0.078 	 87.18
[9,1800] -> 2632.80 	 0.078 	 87.18
[9,2400] -> 2705.60 	 0.061 	 87.81
[9,2400] -> 2705.60 	 0.061 	 87.81
[9,3000] -> 2778.40 	 0.045 	 88.41
[9,3000] -> 2778.40 	 0.045 	 88.41
[10,0] -> 2851.20 	 0.029 	 88.97
[10,0] -> 2851.20 	 0.029 	 88.97
[10,600] -> 2894.90 	 0.015 	 89.50
[10,600] -> 2894.90 	 0.015 	 89.50
[10,1200] -> 2938.60 	 0.002 	 89.99
[10,1200] -> 2938.60 	 0.002 	 89.99
[14,600] -> 2806.13 	 0.005 	 89.88
[14,600] -> 2806.13 	 0.005 	 89.88
[14,1200] -> 2729.05 	 0.018 	 89.38
[14,1200] -> 2729.05 	 0.018 	 89.38
[14,1800] -> 2652.55 	 0.033 	 88.84
[14,1800] -> 2652.55 	 0.033 	 88.84
[14,2400] -> 2576.73 	 0.048 	 88.27
[14,2400] -> 2576.73 	 0.048 	 88.27
[14,3000] -> 2501.68 	 0.065 	 87.66
[14,3000] -> 2501.68 	 0.065 	 87.66
[15,0] -> 2427.51 	 0.082 	 87.02
[15,0] -> 2427.51 	 0.082 	 87.02
[15,600] -> 2188.41 	 0.101 	 86.35
[15,600] -> 2188.41 	 0.101 	 86.35
[15,1200] -> 1949.46 	 0.120 	 85.64
[15,1200] -> 1949.46 	 0.120 	 85.64
[15,1800] -> 1710.41 	 0.140 	 84.91
[15,1800] -> 1710.41 	 0.140 	 84.91
[15,2400] -> 1471.02 	 0.161 	 84.15
[15,2400] -> 1471.02 	 0.161 	 84.15
[15,3000] -> 1230.95 	 0.183 	 83.35
[15,3000] -> 1230.95 	 0.183 	 83.35
[16,0] -> 989.86 	 0.205 	 82.53
[16,0] -> 989.86 	 0.205 	 82.53
[16,600] -> 928.51 	 0.228 	 81.69
[16,600] -> 928.51 	 0.228 	 81.69
[16,1200] -> 866.63 	 0.252 	 80.82
[16,1200] -> 866.63 	 0.252 	 80.82
[16,1800] -> 804.03 	 0.276 	 79.93
[16,1800] -> 804.03 	 0.276 	 79.93
[16,2400] -> 741.01 	 0.307 	 79.01
[16,2400] -> 741.01 	 0.307 	 79.01
[16,3000] -> 676.52 	 0.336 	 78.08
[16,3000] -> 676.52 	 0.336 	 78.08
[17,0] -> 610.31 	 0.365 	 77.13
[17,0] -> 610.31 	 0.365 	 77.13
[17,600] -> 538.93 	 0.393 	 76.15
[17,600] -> 538.93 	 0.393 	 76.15
[17,1200] -> 466.85 	 0.420 	 75.17
[17,1200] -> 466.85 	 0.420 	 75.17
[17,1800] -> 393.97 	 0.446 	 74.16
[17,1800] -> 393.97 	 0.446 	 74.16
[17,2400] -> 320.19 	 0.471 	 73.15
[17,2400] -> 320.19 	 0.471 	 73.15
[17,3000] -> 245.42 	 0.495 	 72.12
[17,3000] -> 245.42 	 0.495 	 72.12
[18,0] -> 169.60 	 0.518 	 71.08
[18,0] -> 169.60 	 0.518 	 71.08
[18,600] -> 143.47 	 0.540 	 70.03
[18,600] -> 143.47 	 0.540 	 70.03
[18,1200] -> 116.51 	 0.561 	 68.98
[18,1200] -> 116.51 	 0.561 	 68.98
[18,1800] -> 88.71 	 0.580 	 67.92
[18,1800] -> 88.71 	 0.580 	 67.92
[18,2400] -> 60.04 	 0.599 	 66.85
[18,2400] -> 60.04 	 0.599 	 66.85
[18,3000] -> 30.47 	 0.616 	 65.78
[18,3000] -> 30.47 	 0.616 	 65.78
[7,1800] -> 23.02 	 0.705 	 58.80
[7,1800] -> 23.02 	 0.705 	 58.80
[7,2400] -> 30.87 	 0.720 	 57.20
[7,2400] -> 30.87 	 0.720 	 57.20
[7,3000] -> 38.81 	 0.733 	 55.60
[7,3000] -> 38.81 	 0.733 	 55.60
[8,0] -> 46.84 	 0.745 	 54.01
[8,0] -> 46.84 	 0.745 	 54.01
[8,600] -> 155.07 	 0.755 	 52.43
[8,600] -> 155.07 	 0.755 	 52.43
[8,1200] -> 265.96 	 0.764 	 50.85
[8,1200] -> 265.96 	 0.764 	 50.85
[8,1800] -> 379.35 	 0.772 	 49.29
[8,1800] -> 379.35 	 0.772 	 49.29
[8,2400] -> 495.06 	 0.779 	 47.74
[8,2400] -> 495.06 	 0.779 	 47.74
[8,3000] -> 612.92 	 0.785 	 46.20
[8,3000] -> 612.92 	 0.785 	 46.20
[9,0] -> 732.74 	 0.789 	 44.69
[9,0] -> 732.74 	 0.789 	 44.69
[9,600] -> 737.52 	 0.794 	 43.20
[9,600] -> 737.52 	 0.794 	 43.20
[9,1200] -> 740.38 	 0.797 	 41.74
[9,1200] -> 740.38 	 0.797 	 41.74
[9,1800] -> 741.45 	 0.800 	 40.31
[9,1800] -> 741.45 	 0.800 	 40.31
[9,2400] -> 740.88 	 0.802 	 38.92
[9,2400] -> 740.88 	 0.802 	 38.92
[9,3000] -> 738.81 	 0.804 	 37.57
[9,3000] -> 738.81 	 0.804 	 37.57
[10,0] -> 735.39 	 0.806 	 36.27
[10,0] -> 735.39 	 0.806 	 36.27
[10,600] -> 1157.36 	 0.807 	 35.03
[10,600] -> 1157.36 	 0.807 	 35.03
[10,1200] -> 1593.09 	 0.808 	 33.84
[10,1200] -> 1593.09 	 0.808 	 33.84
[10,1800] -> 2040.63 	 0.809 	 32.73
[10,1800] -> 2040.63 	 0.809 	 32.73
[10,2400] -> 2498.06 	 0.810 	 31.69
[10,2400] -> 2498.06 	 0.810 	 31.69
[10,3000] -> 2963.48 	 0.810 	 30.74
[10,3000] -> 2963.48 	 0.810 	 30.74
[11,0] -> 3434.98 	 0.811 	 29.88
[11,0] -> 3434.98 	 0.811 	 29.88
[11,600] -> 3554.67 	 0.811 	 29.13
[11,600] -> 3554.67 	 0.811 	 29.13
[11,1200] -> 3672.04 	 0.811 	 28.50
[11,1200] -> 3672.04 	 0.811 	 28.50
[11,1800] -> 3786.58 	 0.812 	 27.98
[11,1800] -> 3786.58 	 0.812 	 27.98
[11,2400] -> 3897.80 	 0.812 	 27.60
[11,2400] -> 3897.80 	 0.812 	 27.60
[11,3000] -> 4005.19 	 0.812 	 27.34
[11,3000] -> 4005.19 	 0.812 	 27.34
[12,0] -> 4108.26 	 0.812 	 27.23
[12,0] -> 4108.26 	 0.812 	 27.23
[12,600] -> 4086.97 	 0.812 	 27.26
[12,600] -> 4086.97 	 0.812 	 27.26
[12,1200] -> 4060.75 	 0.812 	 27.42
[12,1200] -> 4060.75 	 0.812 	 27.42
[12,1800] -> 4029.57 	 0.812 	 27.73
[12,1800] -> 4029.57 	 0.812 	 27.73
[12,2400] -> 3993.43 	 0.811 	 28.16
[12,2400] -> 3993.43 	 0.811 	 28.16
[12,3000] -> 3952.32 	 0.811 	 28.73
[12,3000] -> 3952.32 	 0.811 	 28.73
[13,0] -> 3906.23 	 0.811 	 29.41
[13,0] -> 3906.23 	 0.811 	 29.41
[13,600] -> 3850.42 	 0.811 	 30.20
[13,600] -> 3850.42 	 0.811 	 30.20
[13,1200] -> 3789.74 	 0.810 	 31.09
[13,1200] -> 3789.74 	 0.810 	 31.09
[13,1800] -> 3724.21 	 0.809 	 32.07
[13,1800] -> 3724.21 	 0.809 	 32.07
[13,2400] -> 3653.82 	 0.809 	 33.14
[13,2400] -> 3653.82 	 0.809 	 33.14
[13,3000] -> 3578.56 	 0.808 	 34.28
[13,3000] -> 3578.56 	 0.808 	 34.28
[14,0] -> 3498.42 	 0.807 	 35.49
[14,0] -> 3498.42 	 0.807 	 35.49
[14,600] -> 3359.62 	 0.805 	 36.76
[14,600] -> 3359.62 	 0.805 	 36.76
[14,1200] -> 3218.29 	 0.803 	 38.08
[14,1200] -> 3218.29 	 0.803 	 38.08
[14,1800] -> 3074.70 	 0.801 	 39.45
[14,1800] -> 3074.70 	 0.801 	 39.45
[14,2400] -> 2929.09 	 0.799 	 40.85
[14,2400] -> 2929.09 	 0.799 	 40.85
[14,3000] -> 2781.76 	 0.796 	 42.29
[14,3000] -> 2781.76 	 0.796 	 42.29
[15,0] -> 2632.99 	 0.792 	 43.77
[15,0] -> 2632.99 	 0.792 	 43.77
[15,600] -> 2469.64 	 0.788 	 45.26
[15,600] -> 2469.64 	 0.788 	 45.26
[15,1200] -> 2307.08 	 0.782 	 46.79
[15,1200] -> 2307.08 	 0.782 	 46.79
[15,1800] -> 2145.81 	 0.776 	 48.33
[15,1800] -> 2145.81 	 0.776 	 48.33
[15,2400] -> 1986.34 	 0.769 	 49.88
[15,2400] -> 1986.34 	 0.769 	 49.88
[15,3000] -> 1829.23 	 0.761 	 51.45
[15,3000] -> 1829.23 	 0.761 	 51.45
[16,0] -> 1675.02 	 0.752 	 53.03
[16,0] -> 1675.02 	 0.752 	 53.03
[16,600] -> 1368.76 	 0.741 	 54.62
[16,600] -> 1368.76 	 0.741 	 54.62
[16,1200] -> 1085.75 	 0.728 	 56.22
[16,1200] -> 1085.75 	 0.728 	 56.22
[16,1800] -> 827.34 	 0.714 	 57.82
[16,1800] -> 827.34 	 0.714 	 57.82
[16,2400] -> 594.76 	 0.699 	 59.42
[16,2400] -> 594.76 	 0.699 	 59.42
[7,1800] -> 9.00 	 0.704 	 58.94
[7,1800] -> 9.00 	 0.704 	 58.94
[7,2400] -> 12.00 	 0.719 	 57.34
[7,2400] -> 12.00 	 0.719 	 57.34
[7,3000] -> 15.00 	 0.732 	 55.74
[7,3000] -> 15.00 	 0.732 	 55.74
[8,0] -> 18.00 	 0.744 	 54.15
[8,0] -> 18.00 	 0.744 	 54.15
[8,600] -> 42.27 	 0.755 	 52.56
[8,600] -> 42.27 	 0.755 	 52.56
[8,1200] -> 66.65 	 0.764 	 50.99
[8,1200] -> 66.65 	 0.764 	 50.99
[8,1800] -> 91.16 	 0.771 	 49.42
[8,1800] -> 91.16 	 0.771 	 49.42
[8,2400] -> 115.77 	 0.778 	 47.87
[8,2400] -> 115.77 	 0.778 	 47.87
[8,3000] -> 140.47 	 0.784 	 46.34
[8,3000] -> 140.47 	 0.784 	 46.34
[9,0] -> 165.27 	 0.789 	 44.83
[9,0] -> 165.27 	 0.789 	 44.83
[9,600] -> 187.09 	 0.793 	 43.34
[9,600] -> 187.09 	 0.793 	 43.34
[9,1200] -> 208.92 	 0.797 	 41.88
[9,1200] -> 208.92 	 0.797 	 41.88
[9,1800] -> 230.76 	 0.800 	 40.45
[9,1800] -> 230.76 	 0.800 	 40.45
[9,2400] -> 252.61 	 0.802 	 39.05
[9,2400] -> 252.61 	 0.802 	 39.05
[9,3000] -> 274.46 	 0.804 	 37.71
[9,3000] -> 274.46 	 0.804 	 37.71
[10,0] -> 296.32 	 0.806 	 36.40
[10,0] -> 296.32 	 0.806 	 36.40
[10,600] -> 312.57 	 0.807 	 35.16
[10,600] -> 312.57 	 0.807 	 35.16
[10,1200] -> 328.80 	 0.808 	 33.97
[10,1200] -> 328.80 	 0.808 	 33.97
[10,1800] -> 345.01 	 0.809 	 32.85
[10,1800] -> 345.01 	 0.809 	 32.85
[10,2400] -> 361.19 	 0.810 	 31.82
[10,2400] -> 361.19 	 0.810 	 31.82
[10,3000] -> 377.36 	 0.810 	 30.86
[10,3000] -> 377.36 	 0.810 	 30.86
[11,0] -> 393.50 	 0.811 	 30.00
[11,0] -> 393.50 	 0.811 	 30.00
[11,600] -> 402.63 	 0.811 	 29.25
[11,600] -> 402.63 	 0.811 	 29.25
[11,1200] -> 411.73 	 0.811 	 28.61
[11,1200] -> 411.73 	 0.811 	 28.61
[11,1800] -> 420.81 	 0.812 	 28.09
[11,1800] -> 420.81 	 0.812 	 28.09
[11,2400] -> 429.87 	 0.812 	 27.70
[11,2400] -> 429.87 	 0.812 	 27.70
[11,3000] -> 438.91 	 0.812 	 27.44
[11,3000] -> 438.91 	 0.812 	 27.44
[12,0] -> 447.93 	 0.812 	 27.32
[12,0] -> 447.93 	 0.812 	 27.32
[12,600] -> 447.92 	 0.812 	 27.34
[12,600] -> 447.92 	 0.812 	 27.34
[12,1200] -> 447.90 	 0.812 	 27.50
[12,1200] -> 447.90 	 0.812 	 27.50
[12,1800] -> 447.86 	 0.812 	 27.80
[12,1800] -> 447.86 	 0.812 	 27.80
[12,2400] -> 447.79 	 0.811 	 28.23
[12,2400] -> 447.79 	 0.811 	 28.23
[12,3000] -> 447.70 	 0.811 	 28.78
[12,3000] -> 447.70 	 0.811 	 28.78
[13,0] -> 447.59 	 0.811 	 29.45
[13,0] -> 447.59 	 0.811 	 29.45
[13,600] -> 438.46 	 0.811 	 30.24
[13,600] -> 438.46 	 0.811 	 30.24
[13,1200] -> 429.31 	 0.810 	 31.13
[13,1200] -> 429.31 	 0.810 	 31.13
[13,1800] -> 420.14 	 0.809 	 32.10
[13,1800] -> 420.14 	 0.809 	 32.10
[13,2400] -> 410.95 	 0.809 	 33.17
[13,2400] -> 410.95 	 0.809 	 33.17
[13,3000] -> 401.74 	 0.808 	 34.30
[13,3000] -> 401.74 	 0.808 	 34.30
[14,0] -> 392.50 	 0.807 	 35.51
[14,0] -> 392.50 	 0.807 	 35.51
[14,600] -> 376.24 	 0.805 	 36.77
[14,600] -> 376.24 	 0.805 	 36.77
[14,1200] -> 359.97 	 0.803 	 38.09
[14,1200] -> 359.97 	 0.803 	 38.09
[14,1800] -> 343.67 	 0.801 	 39.45
[14,1800] -> 343.67 	 0.801 	 39.45
[14,2400] -> 327.34 	 0.799 	 40.85
[14,2400] -> 327.34 	 0.799 	 40.85
[14,3000] -> 311.00 	 0.796 	 42.29
[14,3000] -> 311.00 	 0.796 	 42.29
[15,0] -> 294.63 	 0.792 	 43.76
[15,0] -> 294.63 	 0.792 	 43.76
[15,600] -> 272.74 	 0.788 	 45.26
[15,600] -> 272.74 	 0.788 	 45.26
[15,1200] -> 250.85 	 0.782 	 46.78
[15,1200] -> 250.85 	 0.782 	 46.78
[15,1800] -> 228.98 	 0.776 	 48.32
[15,1800] -> 228.98 	 0.776 	 48.32
[15,2400] -> 207.13 	 0.769 	 49.88
[15,2400] -> 207.13 	 0.769 	 49.88
[15,3000] -> 185.30 	 0.761 	 51.44
[15,3000] -> 185.30 	 0.761 	 51.44
[16,0] -> 163.49 	 0.752 	 53.02
[16,0] -> 163.49 	 0.752 	 53.02
[16,600] -> 139.32 	 0.741 	 54.61
[16,600] -> 139.32 	 0.741 	 54.61
[16,1200] -> 115.22 	 0.728 	 56.21
[16,1200] -> 115.22 	 0.728 	 56.21
[16,1800] -> 91.21 	 0.715 	 57.81
[16,1800] -> 91.21 	 0.715 	 57.81
[16,2400] -> 67.28 	 0.699 	 59.41
[16,2400] -> 67.28 	 0.699 	 59.41
[7,1800] -> 22.99 	 0.702 	 59.08
[7,1800] -> 22.99 	 0.702 	 59.08
[7,2400] -> 30.84 	 0.718 	 57.48
[7,2400] -> 30.84 	 0.718 	 57.48
[7,3000] -> 38.78 	 0.731 	 55.88
[7,3000] -> 38.78 	 0.731 	 55.88
[8,0] -> 46.79 	 0.743 	 54.29
[8,0] -> 46.79 	 0.743 	 54.29
[8,600] -> 130.08 	 0.754 	 52.71
[8,600] -> 130.08 	 0.754 	 52.71
[8,1200] -> 214.61 	 0.763 	 51.13
[8,1200] -> 214.61 	 0.763 	 51.13
[8,1800] -> 300.32 	 0.771 	 49.57
[8,1800] -> 300.32 	 0.771 	 49.57
[8,2400] -> 387.12 	 0.778 	 48.01
[8,2400] -> 387.12 	 0.778 	 48.01
[8,3000] -> 474.93 	 0.784 	 46.48
[8,3000] -> 474.93 	 0.784 	 46.48
[9,0] -> 563.67 	 0.789 	 44.97
[9,0] -> 563.67 	 0.789 	 44.97
[9,600] -> 579.13 	 0.793 	 43.48
[9,600] -> 579.13 	 0.793 	 43.48
[9,1200] -> 593.68 	 0.796 	 42.02
[9,1200] -> 593.68 	 0.796 	 42.02
[9,1800] -> 607.39 	 0.799 	 40.59
[9,1800] -> 607.39 	 0.799 	 40.59
[9,2400] -> 620.33 	 0.802 	 39.19
[9,2400] -> 620.33 	 0.802 	 39.19
[9,3000] -> 632.56 	 0.804 	 37.84
[9,3000] -> 632.56 	 0.804 	 37.84
[10,0] -> 644.16 	 0.805 	 36.54
[10,0] -> 644.16 	 0.805 	 36.54
[10,600] -> 678.72 	 0.807 	 35.29
[10,600] -> 678.72 	 0.807 	 35.29
[10,1200] -> 713.24 	 0.808 	 34.11
[10,1200] -> 713.24 	 0.808 	 34.11
[10,1800] -> 747.71 	 0.809 	 32.99
[10,1800] -> 747.71 	 0.809 	 32.99
[10,2400] -> 782.13 	 0.810 	 31.95
[10,2400] -> 782.13 	 0.810 	 31.95
[10,3000] -> 816.51 	 0.810 	 30.99
[10,3000] -> 816.51 	 0.810 	 30.99
[11,0] -> 850.83 	 0.811 	 30.13
[11,0] -> 850.83 	 0.811 	 30.13
[11,600] -> 1368.90 	 0.811 	 29.37
[11,600] -> 1368.90 	 0.811 	 29.37
[11,1200] -> 1894.74 	 0.811 	 28.73
[11,1200] -> 1894.74 	 0.811 	 28.73
[11,1800] -> 2425.97 	 0.811 	 28.20
[11,1800] -> 2425.97 	 0.811 	 28.20
[11,2400] -> 2960.19 	 0.812 	 27.81
[11,2400] -> 2960.19 	 0.812 	 27.81
[11,3000] -> 3495.02 	 0.812 	 27.54
[11,3000] -> 3495.02 	 0.812 	 27.54
[12,0] -> 4028.04 	 0.812 	 27.42
[12,0] -> 4028.04 	 0.812 	 27.42
[12,600] -> 3984.67 	 0.812 	 27.43
[12,600] -> 3984.67 	 0.812 	 27.43
[12,1200] -> 3936.51 	 0.812 	 27.58
[12,1200] -> 3936.51 	 0.812 	 27.58
[12,1800] -> 3883.64 	 0.812 	 27.87
[12,1800] -> 3883.64 	 0.812 	 27.87
[12,2400] -> 3826.13 	 0.811 	 28.30
[12,2400] -> 3826.13 	 0.811 	 28.30
[12,3000] -> 3764.06 	 0.811 	 28.84
[12,3000] -> 3764.06 	 0.811 	 28.84
[13,0] -> 3697.51 	 0.811 	 29.51
[13,0] -> 3697.51 	 0.811 	 29.51
[13,600] -> 3450.17 	 0.811 	 30.29
[13,600] -> 3450.17 	 0.811 	 30.29
[13,1200] -> 3203.60 	 0.810 	 31.17
[13,1200] -> 3203.60 	 0.810 	 31.17
[13,1800] -> 2958.94 	 0.809 	 32.14
[13,1800] -> 2958.94 	 0.809 	 32.14
[13,2400] -> 2717.31 	 0.809 	 33.20
[13,2400] -> 2717.31 	 0.809 	 33.20
[13,3000] -> 2479.86 	 0.808 	 34.33
[13,3000] -> 2479.86 	 0.808 	 34.33
[14,0] -> 2247.73 	 0.807 	 35.53
[14,0] -> 2247.73 	 0.807 	 35.53
[14,600] -> 2183.40 	 0.805 	 36.79
[14,600] -> 2183.40 	 0.805 	 36.79
[14,1200] -> 2116.70 	 0.803 	 38.10
[14,1200] -> 2116.70 	 0.803 	 38.10
[14,1800] -> 2047.62 	 0.801 	 39.46
[14,1800] -> 2047.62 	 0.801 	 39.46
[14,2400] -> 1976.17 	 0.799 	 40.86
[14,2400] -> 1976.17 	 0.799 	 40.86
[14,3000] -> 1902.34 	 0.796 	 42.30
[14,3000] -> 1902.34 	 0.796 	 42.30
[15,0] -> 1826.13 	 0.792 	 43.77
[15,0] -> 1826.13 	 0.792 	 43.77
[15,600] -> 1802.29 	 0.788 	 45.26
[15,600] -> 1802.29 	 0.788 	 45.26
[15,1200] -> 1770.40 	 0.782 	 46.78
[15,1200] -> 1770.40 	 0.782 	 46.78
[15,1800] -> 1730.05 	 0.776 	 48.32
[15,1800] -> 1730.05 	 0.776 	 48.32
[15,2400] -> 1680.88 	 0.769 	 49.87
[15,2400] -> 1680.88 	 0.769 	 49.87
[15,3000] -> 1622.58 	 0.761 	 51.44
[15,3000] -> 1622.58 	 0.761 	 51.44
[16,0] -> 1554.88 	 0.752 	 53.02
[16,0] -> 1554.88 	 0.752 	 53.02
[16,600] -> 1266.01 	 0.741 	 54.61
[16,600] -> 1266.01 	 0.741 	 54.61
[16,1200] -> 999.14 	 0.729 	 56.20
[16,1200] -> 999.14 	 0.729 	 56.20
[16,1800] -> 755.55 	 0.715 	 57.80
[16,1800] -> 755.55 	 0.715 	 57.80
[16,2400] -> 536.38 	 0.699 	 59.40
[16,2400] -> 536.38 	 0.699 	 59.40
[7,1800] -> 126.41 	 0.701 	 59.23
[7,1800] -> 126.41 	 0.701 	 59.23
[7,2400] -> 174.15 	 0.716 	 57.63
[7,2400] -> 174.15 	 0.716 	 57.63
[7,3000] -> 224.53 	 0.730 	 56.03
[7,3000] -> 224.53 	 0.730 	 56.03
[8,0] -> 277.41 	 0.742 	 54.44
[8,0] -> 277.41 	 0.742 	 54.44
[8,600] -> 495.12 	 0.753 	 52.85
[8,600] -> 495.12 	 0.753 	 52.85
[8,1200] -> 725.30 	 0.762 	 51.28
[8,1200] -> 725.30 	 0.762 	 51.28
[8,1800] -> 967.18 	 0.770 	 49.71
[8,1800] -> 967.18 	 0.770 	 49.71
[8,2400] -> 1219.95 	 0.777 	 48.16
[8,2400] -> 1219.95 	 0.777 	 48.16
[8,3000] -> 1482.75 	 0.783 	 46.63
[8,3000] -> 1482.75 	 0.783 	 46.63
[9,0] -> 1754.70 	 0.788 	 45.11
[9,0] -> 1754.70 	 0.788 	 45.11
[9,600] -> 1897.01 	 0.792 	 43.62
[9,600] -> 1897.01 	 0.792 	 43.62
[9,1200] -> 2042.48 	 0.796 	 42.16
[9,1200] -> 2042.48 	 0.796 	 42.16
[9,1800] -> 2190.63 	 0.799 	 40.73
[9,1800] -> 2190.63 	 0.799 	 40.73
[9,2400] -> 2340.98 	 0.802 	 39.34
[9,2400] -> 2340.98 	 0.802 	 39.34
[9,3000] -> 2493.07 	 0.804 	 37.99
[9,3000] -> 2493.07 	 0.804 	 37.99
[10,0] -> 2646.44 	 0.805 	 36.68
[10,0] -> 2646.44 	 0.805 	 36.68
[10,600] -> 2889.86 	 0.807 	 35.44
[10,600] -> 2889.86 	 0.807 	 35.44
[10,1200] -> 3137.77 	 0.808 	 34.25
[10,1200] -> 3137.77 	 0.808 	 34.25
[10,1800] -> 3389.14 	 0.809 	 33.13
[10,1800] -> 3389.14 	 0.809 	 33.13
[10,2400] -> 3642.99 	 0.809 	 32.09
[10,2400] -> 3642.99 	 0.809 	 32.09
[10,3000] -> 3898.32 	 0.810 	 31.13
[10,3000] -> 3898.32 	 0.810 	 31.13
[11,0] -> 4154.11 	 0.811 	 30.26
[11,0] -> 4154.11 	 0.811 	 30.26
[11,600] -> 4179.14 	 0.811 	 29.50
[11,600] -> 4179.14 	 0.811 	 29.50
[11,1200] -> 4199.55 	 0.811 	 28.85
[11,1200] -> 4199.55 	 0.811 	 28.85
[11,1800] -> 4215.25 	 0.811 	 28.33
[11,1800] -> 4215.25 	 0.811 	 28.33
[11,2400] -> 4226.14 	 0.812 	 27.92
[11,2400] -> 4226.14 	 0.812 	 27.92
[11,3000] -> 4232.14 	 0.812 	 27.65
[11,3000] -> 4232.14 	 0.812 	 27.65
[12,0] -> 4233.15 	 0.812 	 27.52
[12,0] -> 4233.15 	 0.812 	 27.52
[12,600] -> 4209.89 	 0.812 	 27.53
[12,600] -> 4209.89 	 0.812 	 27.53
[12,1200] -> 4181.52 	 0.812 	 27.68
[12,1200] -> 4181.52 	 0.812 	 27.68
[12,1800] -> 4148.06 	 0.812 	 27.96
[12,1800] -> 4148.06 	 0.812 	 27.96
[12,2400] -> 4109.50 	 0.811 	 28.37
[12,2400] -> 4109.50 	 0.811 	 28.37
[12,3000] -> 4065.87 	 0.811 	 28.92
[12,3000] -> 4065.87 	 0.811 	 28.92
[13,0] -> 4017.16 	 0.811 	 29.58
[13,0] -> 4017.16 	 0.811 	 29.58
[13,600] -> 3943.65 	 0.810 	 30.35
[13,600] -> 3943.65 	 0.810 	 30.35
[13,1200] -> 3865.39 	 0.810 	 31.22
[13,1200] -> 3865.39 	 0.810 	 31.22
[13,1800] -> 3782.45 	 0.809 	 32.19
[13,1800] -> 3782.45 	 0.809 	 32.19
[13,2400] -> 3694.87 	 0.809 	 33.24
[13,2400] -> 3694.87 	 0.809 	 33.24
[13,3000] -> 3602.70 	 0.808 	 34.37
[13,3000] -> 3602.70 	 0.808 	 34.37
[14,0] -> 3505.98 	 0.807 	 35.56
[14,0] -> 3505.98 	 0.807 	 35.56
[14,600] -> 3381.11 	 0.805 	 36.82
[14,600] -> 3381.11 	 0.805 	 36.82
[14,1200] -> 3253.02 	 0.803 	 38.13
[14,1200] -> 3253.02 	 0.803 	 38.13
[14,1800] -> 3121.88 	 0.801 	 39.48
[14,1800] -> 3121.88 	 0.801 	 39.48
[14,2400] -> 2987.88 	 0.799 	 40.88
[14,2400] -> 2987.88 	 0.799 	 40.88
[14,3000] -> 2851.22 	 0.796 	 42.31
[14,3000] -> 2851.22 	 0.796 	 42.31
[15,0] -> 2712.13 	 0.792 	 43.78
[15,0] -> 2712.13 	 0.792 	 43.78
[15,600] -> 2538.88 	 0.788 	 45.27
[15,600] -> 2538.88 	 0.788 	 45.27
[15,1200] -> 2366.90 	 0.782 	 46.79
[15,1200] -> 2366.90 	 0.782 	 46.79
[15,1800] -> 2196.74 	 0.776 	 48.33
[15,1800] -> 2196.74 	 0.776 	 48.33
[15,2400] -> 2028.97 	 0.769 	 49.88
[15,2400] -> 2028.97 	 0.769 	 49.88
[15,3000] -> 1864.19 	 0.761 	 51.45
[15,3000] -> 1864.19 	 0.761 	 51.45
[16,0] -> 1703.02 	 0.752 	 53.02
[16,0] -> 1703.02 	 0.752 	 53.02
[16,600] -> 1403.66 	 0.741 	 54.61
[16,600] -> 1403.66 	 0.741 	 54.61
[16,1200] -> 1126.29 	 0.728 	 56.20
[16,1200] -> 1126.29 	 0.728 	 56.20
[16,1800] -> 872.27 	 0.715 	 57.80
[16,1800] -> 872.27 	 0.715 	 57.80
[16,2400] -> 642.78 	 0.699 	 59.40
[16,2400] -> 642.78 	 0.699 	 59.40
