[1;1;9]
{[2][0.75 0.88 0.18 0.08 0.04 0.02 0.01 0.01 0.01 0.01 0.00 0.00 0.00 0.00 0.00 0.00 0.00 0.00 0.00 0.00 0.00 0.00 0.00 0.00]}
{[4][0.75 0.88 0.93 0.95 0.22 0.10 0.05 0.03 0.02 0.02 0.01 0.01 0.01 0.01 0.00 0.00 0.00 0.00 0.00 0.00 0.00 0.00 0.00 0.00]}
{[6][0.75 0.88 0.93 0.95 0.97 0.97 0.23 0.11 0.06 0.04 0.03 0.02 0.02 0.01 0.01 0.01 0.01 0.00 0.00 0.00 0.00 0.00 0.00 0.00]}
{[8][0.75 0.88 0.93 0.95 0.97 0.97 0.98 0.98 0.24 0.11 0.06 0.04 0.03 0.02 0.02 0.01 0.01 0.01 0.01 0.01 0.00 0.00 0.00 0.00]}
{[10][0.75 0.88 0.93 0.95 0.97 0.97 0.98 0.98 0.99 0.99 0.24 0.12 0.07 0.04 0.03 0.02 0.02 0.01 0.01 0.01 0.01 0.01 0.00 0.00]}
{[12][0.75 0.88 0.93 0.96 0.97 0.98 0.98 0.98 0.99 0.99 0.99 0.99 0.25 0.12 0.07 0.04 0.03 0.02 0.02 0.02 0.01 0.01 0.01 0.01]}
{[14][0.76 0.88 0.93 0.96 0.97 0.98 0.98 0.99 0.99 0.99 0.99 0.99 1.00 1.00 0.25 0.12 0.07 0.05 0.03 0.03 0.02 0.02 0.01 0.01]}
{[16][0.76 0.89 0.94 0.96 0.97 0.98 0.98 0.99 0.99 0.99 0.99 0.99 1.00 1.00 1.00 1.00 0.25 0.12 0.07 0.05 0.03 0.03 0.02 0.02]}
{[18][0.77 0.89 0.94 0.96 0.97 0.98 0.98 0.99 0.99 0.99 0.99 1.00 1.00 1.00 1.00 1.00 1.00 1.00 0.25 0.12 0.07 0.05 0.03 0.03]}
[1;2;9]
{[2][0.65 0.74 0.16 0.11 0.08 0.06 0.05 0.04 0.03 0.02 0.02 0.01 0.01 0.01 0.01 0.00 0.00 0.00 0.00 0.00 0.00 0.00 0.00 0.00]}
{[4][0.65 0.75 0.81 0.85 0.24 0.17 0.13 0.10 0.07 0.06 0.04 0.03 0.03 0.02 0.02 0.01 0.01 0.01 0.01 0.00 0.00 0.00 0.00 0.00]}
{[6][0.65 0.75 0.81 0.85 0.89 0.91 0.29 0.20 0.15 0.12 0.09 0.07 0.05 0.04 0.03 0.02 0.02 0.01 0.01 0.01 0.01 0.01 0.00 0.00]}
{[8][0.65 0.75 0.81 0.85 0.89 0.91 0.93 0.95 0.31 0.22 0.17 0.13 0.10 0.08 0.06 0.05 0.04 0.03 0.02 0.02 0.01 0.01 0.01 0.01]}
{[10][0.65 0.75 0.81 0.85 0.89 0.91 0.93 0.95 0.96 0.97 0.33 0.24 0.18 0.14 0.11 0.08 0.06 0.05 0.04 0.03 0.02 0.02 0.01 0.01]}
{[12][0.66 0.76 0.81 0.86 0.89 0.92 0.94 0.95 0.96 0.97 0.98 0.98 0.34 0.24 0.19 0.14 0.11 0.08 0.06 0.05 0.04 0.03 0.02 0.02]}
{[14][0.67 0.76 0.82 0.86 0.89 0.92 0.94 0.95 0.96 0.97 0.98 0.98 0.99 0.99 0.35 0.25 0.19 0.15 0.11 0.09 0.07 0.05 0.04 0.03]}
{[16][0.69 0.78 0.83 0.87 0.90 0.92 0.94 0.95 0.96 0.97 0.98 0.98 0.99 0.99 0.99 0.99 0.35 0.25 0.19 0.15 0.11 0.09 0.07 0.05]}
{[18][0.71 0.80 0.85 0.88 0.91 0.93 0.95 0.96 0.97 0.98 0.98 0.99 0.99 0.99 0.99 0.99 1.00 1.00 0.35 0.25 0.19 0.15 0.11 0.09]}
[1;3;9]
{[2][0.60 0.68 0.14 0.11 0.09 0.07 0.06 0.05 0.04 0.03 0.03 0.02 0.02 0.01 0.01 0.01 0.01 0.01 0.01 0.00 0.00 0.00 0.00 0.00]}
{[4][0.60 0.68 0.74 0.79 0.23 0.18 0.14 0.12 0.10 0.08 0.06 0.05 0.04 0.04 0.03 0.02 0.02 0.02 0.01 0.01 0.01 0.01 0.01 0.01]}
{[6][0.61 0.69 0.74 0.79 0.83 0.86 0.28 0.22 0.18 0.15 0.12 0.10 0.08 0.07 0.06 0.05 0.04 0.03 0.03 0.02 0.02 0.01 0.01 0.01]}
{[8][0.61 0.69 0.74 0.79 0.83 0.86 0.89 0.91 0.32 0.26 0.21 0.17 0.14 0.11 0.09 0.08 0.06 0.05 0.04 0.04 0.03 0.02 0.02 0.02]}
{[10][0.62 0.70 0.75 0.80 0.83 0.86 0.89 0.91 0.92 0.94 0.35 0.28 0.23 0.18 0.15 0.12 0.10 0.08 0.07 0.06 0.05 0.04 0.03 0.03]}
{[12][0.63 0.71 0.76 0.81 0.84 0.87 0.89 0.91 0.93 0.94 0.95 0.96 0.37 0.29 0.24 0.19 0.16 0.13 0.11 0.09 0.07 0.06 0.05 0.04]}
{[14][0.65 0.72 0.77 0.82 0.85 0.88 0.90 0.92 0.93 0.94 0.95 0.96 0.97 0.97 0.38 0.30 0.25 0.20 0.17 0.14 0.11 0.09 0.08 0.06]}
{[16][0.68 0.74 0.79 0.83 0.86 0.89 0.91 0.92 0.94 0.95 0.96 0.96 0.97 0.98 0.98 0.98 0.39 0.31 0.25 0.21 0.17 0.14 0.11 0.09]}
{[18][0.72 0.78 0.82 0.85 0.88 0.90 0.92 0.93 0.94 0.95 0.96 0.97 0.97 0.98 0.98 0.99 0.99 0.99 0.39 0.31 0.26 0.21 0.17 0.14]}
[1;4;9]
{[2][0.59 0.67 0.13 0.09 0.08 0.06 0.05 0.05 0.04 0.04 0.03 0.03 0.02 0.02 0.02 0.01 0.01 0.01 0.01 0.01 0.01 0.01 0.01 0.00]}
{[4][0.60 0.67 0.72 0.76 0.20 0.16 0.13 0.11 0.10 0.08 0.07 0.06 0.05 0.05 0.04 0.03 0.03 0.03 0.02 0.02 0.02 0.01 0.01 0.01]}
{[6][0.61 0.68 0.73 0.77 0.80 0.83 0.26 0.20 0.17 0.15 0.13 0.11 0.09 0.08 0.07 0.06 0.05 0.05 0.04 0.03 0.03 0.03 0.02 0.02]}
{[8][0.62 0.69 0.74 0.77 0.80 0.83 0.85 0.87 0.30 0.24 0.20 0.17 0.15 0.13 0.11 0.10 0.08 0.07 0.06 0.05 0.05 0.04 0.04 0.03]}
{[10][0.63 0.70 0.75 0.78 0.81 0.84 0.86 0.88 0.89 0.91 0.33 0.27 0.22 0.19 0.17 0.14 0.12 0.11 0.09 0.08 0.07 0.06 0.05 0.05]}
{[12][0.65 0.71 0.76 0.79 0.82 0.84 0.87 0.88 0.90 0.91 0.92 0.93 0.35 0.29 0.24 0.21 0.18 0.16 0.13 0.12 0.10 0.09 0.08 0.07]}
{[14][0.67 0.73 0.78 0.81 0.83 0.86 0.88 0.89 0.91 0.92 0.93 0.94 0.95 0.95 0.37 0.30 0.25 0.22 0.19 0.16 0.14 0.12 0.11 0.09]}
{[16][0.70 0.76 0.80 0.83 0.85 0.87 0.89 0.90 0.92 0.93 0.94 0.95 0.95 0.96 0.96 0.97 0.38 0.31 0.26 0.23 0.20 0.17 0.15 0.13]}
{[18][0.74 0.80 0.83 0.85 0.87 0.89 0.91 0.92 0.93 0.94 0.95 0.95 0.96 0.97 0.97 0.97 0.98 0.98 0.39 0.32 0.27 0.23 0.20 0.17]}
[2;1;5]
{[8][0.85 0.92 0.95 0.96 0.97 0.97 0.97 0.98 0.13 0.06 0.04 0.03 0.02 0.02 0.02 0.01 0.01 0.01 0.01 0.01 0.01 0.01 0.01 0.01]}
{[10][0.85 0.93 0.95 0.97 0.97 0.97 0.98 0.98 0.98 0.98 0.14 0.07 0.04 0.03 0.02 0.02 0.02 0.02 0.02 0.02 0.01 0.01 0.01 0.01]}
{[12][0.86 0.93 0.96 0.97 0.97 0.98 0.98 0.98 0.98 0.98 0.98 0.98 0.14 0.07 0.04 0.03 0.03 0.02 0.02 0.02 0.02 0.02 0.02 0.02]}
{[14][0.86 0.93 0.96 0.97 0.98 0.98 0.98 0.98 0.98 0.98 0.99 0.99 0.99 0.99 0.15 0.07 0.05 0.03 0.03 0.03 0.02 0.02 0.02 0.02]}
{[16][0.87 0.94 0.96 0.97 0.98 0.98 0.98 0.99 0.99 0.99 0.99 0.99 0.99 0.99 0.99 0.99 0.15 0.08 0.05 0.04 0.03 0.03 0.03 0.02]}
[2;2;5]
{[8][0.75 0.85 0.90 0.93 0.94 0.95 0.95 0.96 0.23 0.12 0.08 0.05 0.04 0.04 0.03 0.03 0.03 0.02 0.02 0.02 0.02 0.02 0.02 0.01]}
{[10][0.75 0.86 0.91 0.93 0.94 0.95 0.95 0.96 0.96 0.97 0.24 0.13 0.08 0.06 0.05 0.04 0.04 0.03 0.03 0.03 0.03 0.02 0.02 0.02]}
{[12][0.76 0.86 0.91 0.93 0.95 0.95 0.96 0.96 0.97 0.97 0.97 0.97 0.24 0.14 0.09 0.07 0.05 0.05 0.04 0.04 0.03 0.03 0.03 0.03]}
{[14][0.76 0.87 0.92 0.94 0.95 0.96 0.96 0.97 0.97 0.97 0.97 0.98 0.98 0.98 0.25 0.14 0.09 0.07 0.06 0.05 0.05 0.04 0.04 0.03]}
{[16][0.77 0.88 0.92 0.95 0.96 0.96 0.97 0.97 0.97 0.98 0.98 0.98 0.98 0.98 0.98 0.99 0.25 0.15 0.10 0.07 0.06 0.05 0.05 0.04]}
[2;3;5]
{[8][0.72 0.80 0.84 0.87 0.88 0.89 0.90 0.91 0.23 0.15 0.11 0.09 0.08 0.07 0.07 0.06 0.05 0.05 0.05 0.04 0.04 0.03 0.03 0.03]}
{[10][0.73 0.81 0.85 0.87 0.89 0.90 0.91 0.92 0.92 0.93 0.25 0.16 0.13 0.11 0.09 0.08 0.08 0.07 0.06 0.06 0.05 0.05 0.04 0.04]}
{[12][0.74 0.82 0.86 0.88 0.90 0.91 0.92 0.92 0.93 0.94 0.94 0.95 0.26 0.18 0.14 0.12 0.10 0.09 0.08 0.08 0.07 0.06 0.06 0.05]}
{[14[]0.75 0.84 0.87 0.89 0.91 0.92 0.92 0.93 0.94 0.94 0.95 0.95 0.96 0.96 0.27 0.19 0.15 0.13 0.11 0.10 0.09 0.08 0.08 0.07]}
{[16][0.77 0.85 0.89 0.91 0.92 0.93 0.93 0.94 0.95 0.95 0.95 0.96 0.96 0.97 0.97 0.97 0.28 0.20 0.16 0.13 0.12 0.11 0.10 0.09]}
[2;4;5]
{[8][0.66 0.72 0.76 0.79 0.81 0.83 0.85 0.86 0.25 0.20 0.17 0.15 0.13 0.12 0.11 0.10 0.09 0.08 0.07 0.06 0.06 0.05 0.04 0.04]}
{[10][0.68 0.74 0.77 0.80 0.82 0.84 0.86 0.87 0.88 0.90 0.28 0.23 0.19 0.17 0.15 0.14 0.12 0.11 0.10 0.09 0.08 0.07 0.06 0.06]}
{[12][0.70 0.75 0.79 0.81 0.83 0.85 0.87 0.88 0.89 0.90 0.91 0.92 0.30 0.25 0.21 0.19 0.17 0.15 0.13 0.12 0.11 0.10 0.09 0.08]}
{[14][0.72 0.77 0.81 0.83 0.85 0.86 0.88 0.89 0.90 0.91 0.92 0.93 0.94 0.94 0.32 0.26 0.23 0.20 0.18 0.16 0.14 0.13 0.12 0.10]}
{[16][0.75 0.80 0.83 0.85 0.87 0.88 0.89 0.90 0.91 0.92 0.93 0.94 0.94 0.95 0.96 0.96 0.34 0.28 0.24 0.21 0.19 0.17 0.15 0.14]}
[3;1;9]
{[2][0.64 0.83 0.26 0.11 0.06 0.03 0.01 0.01 0.01 0.01 0.00 0.00 0.00 0.00 0.00 0.00 0.00 0.00 0.00 0.00 0.00 0.00 0.00 0.00]}
{[4][0.64 0.83 0.90 0.93 0.31 0.14 0.07 0.04 0.03 0.03 0.01 0.01 0.01 0.01 0.00 0.00 0.00 0.00 0.00 0.00 0.00 0.00 0.00 0.00]}
{[6][0.64 0.83 0.90 0.93 0.96 0.96 0.33 0.16 0.09 0.06 0.04 0.03 0.03 0.01 0.01 0.01 0.01 0.00 0.00 0.00 0.00 0.00 0.00 0.00]}
{[8][0.64 0.83 0.90 0.93 0.96 0.96 0.97 0.97 0.34 0.16 0.09 0.06 0.04 0.03 0.03 0.01 0.01 0.01 0.01 0.01 0.00 0.00 0.00 0.00]}
{[10][0.64 0.83 0.90 0.93 0.96 0.96 0.97 0.97 0.99 0.99 0.34 0.17 0.10 0.06 0.04 0.03 0.03 0.01 0.01 0.01 0.01 0.01 0.01 0.00]}
{[12][0.64 0.83 0.90 0.94 0.96 0.97 0.97 0.97 0.99 0.99 0.99 0.99 0.36 0.17 0.10 0.06 0.04 0.03 0.03 0.03 0.01 0.01 0.01 0.01]}
{[14][0.66 0.83 0.90 0.94 0.96 0.97 0.97 0.99 0.99 0.99 0.99 0.99 1.00 1.00 0.36 0.17 0.10 0.07 0.04 0.04 0.03 0.03 0.03 0.01]}
{[16][0.66 0.84 0.91 0.94 0.96 0.97 0.97 0.99 0.99 0.99 0.99 0.99 1.00 1.00 1.00 1.00 0.36 0.17 0.10 0.07 0.04 0.04 0.04 0.03]}
{[18][0.67 0.84 0.91 0.94 0.96 0.97 0.97 0.99 0.99 0.99 0.99 1.00 1.00 1.00 1.00 1.00 1.00 1.00 0.36 0.17 0.10 0.08 0.07 0.04]}
[3;2;9]
{[2][0.50 0.63 0.23 0.16 0.11 0.09 0.07 0.06 0.04 0.03 0.03 0.01 0.01 0.01 0.01 0.00 0.00 0.00 0.00 0.00 0.00 0.00 0.00 0.00]}
{[4][0.50 0.64 0.73 0.79 0.34 0.24 0.19 0.14 0.10 0.09 0.06 0.04 0.04 0.03 0.03 0.01 0.01 0.01 0.01 0.00 0.00 0.00 0.00 0.00]}
{[6][0.50 0.64 0.73 0.79 0.84 0.87 0.41 0.29 0.21 0.17 0.13 0.10 0.07 0.06 0.04 0.03 0.03 0.01 0.01 0.01 0.01 0.01 0.01 0.00]}
{[8][0.50 0.64 0.73 0.79 0.84 0.87 0.90 0.93 0.44 0.31 0.24 0.19 0.14 0.11 0.09 0.07 0.06 0.04 0.03 0.03 0.01 0.01 0.01 0.01]}
{[10][0.50 0.64 0.73 0.79 0.84 0.87 0.90 0.93 0.94 0.96 0.47 0.34 0.26 0.20 0.16 0.11 0.09 0.07 0.06 0.04 0.03 0.03 0.03 0.01]}
{[12][0.51 0.66 0.73 0.80 0.84 0.89 0.91 0.93 0.94 0.96 0.97 0.97 0.49 0.34 0.27 0.20 0.16 0.11 0.09 0.07 0.06 0.05 0.04 0.03]}
{[14][0.53 0.66 0.74 0.80 0.84 0.89 0.91 0.93 0.94 0.96 0.97 0.97 0.99 0.99 0.50 0.36 0.27 0.21 0.16 0.13 0.10 0.08 0.07 0.06]}
{[16][0.56 0.69 0.76 0.81 0.86 0.89 0.91 0.93 0.94 0.96 0.97 0.97 0.99 0.99 0.99 0.99 0.50 0.36 0.27 0.21 0.16 0.14 0.13 0.10]}
{[18][0.59 0.71 0.79 0.83 0.87 0.90 0.93 0.94 0.96 0.97 0.97 0.99 0.99 0.99 0.99 0.99 1.00 1.00 0.50 0.36 0.27 0.23 0.21 0.16]}
[3;3;9]
{[2][0.43 0.54 0.20 0.16 0.13 0.10 0.09 0.07 0.06 0.04 0.04 0.03 0.03 0.01 0.01 0.01 0.01 0.01 0.01 0.00 0.00 0.00 0.00 0.00]}
{[4][0.43 0.54 0.63 0.70 0.33 0.26 0.20 0.17 0.14 0.11 0.09 0.07 0.06 0.06 0.04 0.03 0.03 0.03 0.01 0.01 0.01 0.01 0.01 0.01]}
{[6][0.44 0.56 0.63 0.70 0.76 0.80 0.40 0.31 0.26 0.21 0.17 0.14 0.11 0.10 0.09 0.07 0.06 0.04 0.04 0.03 0.03 0.02 0.01 0.01]}
{[8][0.44 0.56 0.64 0.70 0.76 0.80 0.84 0.87 0.46 0.37 0.30 0.24 0.20 0.16 0.13 0.11 0.09 0.07 0.06 0.06 0.04 0.03 0.03 0.03]}
{[10][0.46 0.57 0.64 0.71 0.76 0.80 0.84 0.87 0.89 0.91 0.50 0.40 0.33 0.26 0.21 0.17 0.14 0.11 0.10 0.09 0.07 0.06 0.06 0.04]}
{[12][0.47 0.59 0.66 0.73 0.77 0.81 0.84 0.87 0.90 0.91 0.93 0.94 0.53 0.41 0.34 0.27 0.23 0.19 0.16 0.13 0.10 0.09 0.09 0.07]}
{[14][0.50 0.60 0.67 0.74 0.79 0.83 0.86 0.89 0.90 0.91 0.93 0.94 0.96 0.96 0.54 0.43 0.36 0.29 0.24 0.20 0.16 0.14 0.13 0.11]}
{[16][0.54 0.63 0.70 0.76 0.80 0.84 0.87 0.89 0.91 0.93 0.94 0.94 0.96 0.97 0.97 0.97 0.56 0.44 0.36 0.30 0.24 0.22 0.20 0.16]}
{[18][0.60 0.69 0.74 0.79 0.83 0.86 0.89 0.90 0.91 0.93 0.94 0.96 0.96 0.97 0.97 0.99 0.99 0.99 0.56 0.44 0.37 0.33 0.30 0.24]}
[3;4;9]
{[2][0.41 0.53 0.19 0.13 0.11 0.09 0.07 0.07 0.06 0.06 0.04 0.04 0.03 0.03 0.03 0.01 0.01 0.01 0.01 0.01 0.01 0.01 0.01 0.01]}
{[4][0.43 0.53 0.60 0.66 0.29 0.23 0.19 0.16 0.14 0.11 0.10 0.09 0.07 0.07 0.06 0.04 0.04 0.04 0.03 0.03 0.03 0.02 0.01 0.01]}
{[6][0.44 0.54 0.61 0.67 0.71 0.76 0.37 0.29 0.24 0.21 0.19 0.16 0.13 .011 0.10 0.09 0.07 0.07 0.06 0.04 0.04 0.04 0.04 0.03]}
{[8][0.46 0.56 0.63 0.67 0.71 0.76 0.79 0.81 0.43 0.34 0.29 0.24 0.21 0.19 0.16 0.14 0.11 0.10 0.09 0.07 0.07 0.06 0.06 0.06]}
{[10][0.47 0.57 0.64 0.69 0.73 0.77 0.80 0.83 0.84 0.87 0.47 0.39 0.31 0.27 0.24 0.20 0.17 0.16 0.13 0.11 0.10 0.09 0.09 0.07]}
{[12][0.50 0.59 0.66 0.70 0.74 0.77 0.81 0.83 0.86 0.87 0.89 0.90 0.50 0.41 0.34 0.30 0.26 0.23 0.19 0.17 0.14 0.13 0.13 0.11]}
{[14][0.53 0.61 0.69 0.73 0.76 0.80 0.83 0.84 0.87 0.89 0.90 0.91 0.93 0.93 0.53 0.43 0.36 0.31 0.27 0.23 0.20 0.18 0.17 0.16]}
{[16][0.57 0.66 0.71 0.76 0.79 0.81 0.84 0.86 0.89 0.90 0.91 0.93 0.93 0.94 0.94 0.96 0.54 0.44 0.37 0.33 0.29 0.26 0.24 0.21]}
{[18][0.63 0.71 0.76 0.79 0.81 0.84 0.87 0.89 0.90 0.91 0.93 0.93 0.94 0.96 0.96 0.96 0.97 0.97 0.56 0.46 0.39 0.35 0.33 0.29]}