CCAPT52 0.944259 0.0337095 9.7524e-05 -0.00321138 -4.8924e-05 -0.000177552 1
EIRPLR52 0.0441195 0.640367 0.319555 0 0 0 2
EIRT52 0.727426 -0.0118904 0.00054108 0.00188118 0.000473364 -0.00071118 3
CCAPT51 1.02149 0.0370271 0.000232956 -0.00388782 -6.5124e-05 -0.000267948 1
EIRPLR51 0.0636911 0.584883 0.352803 0 0 0 2
EIRT51 0.701659 -0.00452412 0.00053298 -0.00550674 0.00054432 -0.000729 3
CCAPT50 0.707924 -0.0020061 -0.00259589 0.0300604 -0.00105624 0.00204541 1
EIRPLR50 0.171493 0.588202 0.237373 0 0 0 2
EIRT50 0.560534 -0.0137844 6.5448e-05 0.0132233 0.000268596 -0.000500904 3
CCAPT49 0.813083 -0.0142475 -0.00161773 0.0263855 -0.0009153 0.00169582 1
EIRPLR49 0.330188 0.235543 0.460708 0 0 0 2
EIRT49 0.638052 0.00629748 0.000923076 -0.00455454 0.000825552 -0.00156136 3
CCAPT48 1.03037 0.0334669 0.000236196 -0.00728604 -2.3004e-05 -0.000148716 1
EIRPLR48 0.0814413 0.419271 0.499396 0 0 0 2
EIRT48 0.499688 -0.0130851 0.000266328 0.0165924 0.000185328 -0.000375516 3
CCAPT47 0.986666 0.0495099 -0.00029808 -0.0036792 -4.4388e-05 -0.000500904 1
EIRPLR47 0.0364872 0.734743 0.219947 0 0 0 2
EIRT47 0.570743 0.011966 -0.00052164 -3.222e-05 0.000420876 -0.000605232 3
CCAPT46 1.12615 0.0415485 0.000251424 -0.0104915 1.0044e-05 -0.000254664 1
EIRPLR46 0.114437 0.545933 0.342299 0 0 0 2
EIRT46 0.542573 -0.0138841 0.000477252 0.0121507 0.000148068 -0.000334368 3
CCAPT4 0.507883 0.145228 -0.00625644 -0.0011178 -0.0001296 -0.00028188 1
EIRPLR4 0.088065 1.13774 -0.225806 0 0 0 2
EIRT4 1.03076 -0.103536 0.00710208 0.0093186 0.00031752 -0.00104328 3
CCAPT3 0.257896 0.0389016 -0.00021708 0.0468684 -0.00094284 -0.00034344 1
EIRPLR3 0.222903 0.313387 0.46371 0 0 0 2
EIRT3 0.933884 -0.058212 0.00450036 0.00243 0.000486 -0.001215 3
CCAPT2 0.507883 0.145228 -0.00625644 -0.0011178 -0.0001296 -0.00028188 1
EIRPLR2 0.088065 1.13774 -0.225806 0 0 0 2
EIRT2 1.03076 -0.103536 0.00710208 0.0093186 0.00031752 -0.00104328 3
CCAPT1 0.257896 0.0389016 -0.00021708 0.0468684 -0.00094284 -0.00034344 1
EIRPLR1 0.222903 0.313387 0.46371 0 0 0 2
EIRT1 0.933884 -0.058212 0.00450036 0.00243 0.000486 -0.001215 3
RTAA70-CAPT 1.08622 0.0356512 0.000210534 -0.00695675 -3.66968e-05 -0.000235492 1
RTAA70-EIRT 0.646851 -0.00651409 0.000466783 -1.77684e-05 0.000441528 -0.000622135 3
RTAA70-EIRPLR 0.600954 0.0772655 0.34655 5.88545e-44 2.04874 0 2
RTAA70-CAPFT-F 0.0443008 0.0446451 -0.000442258 -0.00225887 -4.90579e-05 0.000120348 1
RTAA70-EIRT-F 0.802333 -0.00497703 0.000124095 -0.00227675 0.000134332 -0.000191339 3
RTWA70-TRANE 0.78987 0.0384934 0.000154618 0.00844142 -0.00027751 -0.000335687 1
RTWA-TRANE 0.661512 -0.00966258 0.000735535 0.000677953 0.00061444 -0.000882759 3
RTWA70-TRANE 0.788048 -0.37465 0.590249 5.88545e-44 2.04874 0 2
NN 0.5799 0.185358 0.240327 5.88545e-44 2.04874 0 2
AAAA 0 0 0 0 0 0 1
RTTRTRRT 0 0 0 0 0 0 1
PPP 0 0 0 0 0 0 1
GGGG 0 0 0 0 0 0 1
