[Nº Registros = 9]
[SERP RESF 40TR]
{2.660463,0.838200,0.101600,289.000000,22.000000,4.000000,11.000000,0.015300,0.016400,0.000190,380.000000,230.000000,1.600000,40.000000,35.000000, 2700.0}
[SERP AQUEC 40TR]
{2.660463,0.838200,0.050800,289.000000,22.000000,2.000000,22.000000,0.015300,0.016400,0.000190,380.000000,230.000000,2.200000,40.000000,40.000000, 3600.0}
[SERP-RESF (2.5TR)]
{0.740000,0.305000,0.264000,315.000000,8.000000,4.000000,4.000000,0.013875,0.015875,0.000190,380.000000,230.000000,0.400000,2.500000,2.200000, 2031.0}
[SERP-RESF (5TR)]
{0.700000,0.457000,0.264000,315.000000,12.000000,6.000000,6.000000,0.013900,0.015900,0.000190,380.000000,230.000000,0.800000,5.270000,4.700000,2879.0}
[SERP-RESF (7TR)]
{0.850000,0.457000,0.264000,315.000000,12.000000,8.000000,6.000000,0.013900,0.015900,0.000190,380.000000,230.000000,1.100000,7.350000,6.600000,3496.0}
[SERP-RESF (10TR)]
{1.310000,0.610000,0.264000,315.000000,16.000000,4.000000,8.000000,0.013900,0.015900,0.000190,380.000000,230.000000,1.500000,10.120000,9.000000,7192.0}
[SERP-RESF (12TR)]
{1.310000,0.610000,0.264000,315.000000,16.000000,6.000000,8.000000,0.013900,0.015900,0.000190,380.000000,230.000000,1.900000,12.760000,11.300000,7192}
[SERP-RESF (15TR)]
{1.580000,0.762000,0.264000,315.000000,20.000000,4.000000,10.000000,0.013900,0.015900,0.000190,380.000000,230.000000,2.400000,15.460000,13.800000,10836.0}
[SERP-RESF (17TR)]
{1.370000,0.686000,0.264000,315.000000,18.000000,8.000000,9.000000,0.013900,0.015900,0.000190,380.000000,230.000000,2.600000,17.200001,15.300000, 8458.0}
